Multi-class Classification Report: MHc160_MA85 (Physics-Weighted)
======================================================================

Signal:
  Precision: 0.5017
  Recall:    0.4770
  F1-score:  0.4890
  Support:   330.79758708388545

Nonprompt:
  Precision: 0.5574
  Recall:    0.5456
  F1-score:  0.5514
  Support:   343.46212404500693

Diboson:
  Precision: 0.6849
  Recall:    0.8160
  F1-score:  0.7447
  Support:   360.9387257184135

TTZ:
  Precision: 0.6477
  Recall:    0.5538
  F1-score:  0.5971
  Support:   313.51592892594635

Overall:
  Accuracy:     0.6030
  Macro avg:    0.5956
  Weighted avg: 0.5985
