Multi-class Classification Report: MHc160_MA85 (Physics-Weighted)
======================================================================

Signal:
  Precision: 0.5097
  Recall:    0.4631
  F1-score:  0.4853
  Support:   330.79784783074865

Nonprompt:
  Precision: 0.5540
  Recall:    0.5745
  F1-score:  0.5641
  Support:   343.46212404500693

Diboson:
  Precision: 0.6834
  Recall:    0.8163
  F1-score:  0.7440
  Support:   360.9387257184135

TTZ:
  Precision: 0.6581
  Recall:    0.5477
  F1-score:  0.5979
  Support:   313.51592892594635

Overall:
  Accuracy:     0.6057
  Macro avg:    0.5978
  Weighted avg: 0.6008
