Multi-class Classification Report: MHc145_MA92 (Physics-Weighted)
======================================================================

Signal:
  Precision: 0.5582
  Recall:    0.5215
  F1-score:  0.5392
  Support:   329.62566633330425

Nonprompt:
  Precision: 0.5900
  Recall:    0.5391
  F1-score:  0.5634
  Support:   343.46212404500693

Diboson:
  Precision: 0.6678
  Recall:    0.8695
  F1-score:  0.7554
  Support:   360.9387257184135

TTZ:
  Precision: 0.6462
  Recall:    0.5272
  F1-score:  0.5807
  Support:   313.51592892594635

Overall:
  Accuracy:     0.6205
  Macro avg:    0.6097
  Weighted avg: 0.6129
