Multi-class Classification Report: MHc100_MA95 (Physics-Weighted)
======================================================================

Signal:
  Precision: 0.6110
  Recall:    0.5369
  F1-score:  0.5715
  Support:   341.0368713469361

Nonprompt:
  Precision: 0.5596
  Recall:    0.5765
  F1-score:  0.5679
  Support:   343.46212404500693

Diboson:
  Precision: 0.7009
  Recall:    0.8640
  F1-score:  0.7739
  Support:   360.9387257184135

TTZ:
  Precision: 0.6219
  Recall:    0.5167
  F1-score:  0.5645
  Support:   313.51592892594635

Overall:
  Accuracy:     0.6291
  Macro avg:    0.6195
  Weighted avg: 0.6227
