Multi-class Classification Report: MHc100_MA95 (Physics-Weighted)
======================================================================

Signal:
  Precision: 0.6189
  Recall:    0.5276
  F1-score:  0.5696
  Support:   341.0363404882082

Nonprompt:
  Precision: 0.5559
  Recall:    0.5768
  F1-score:  0.5662
  Support:   343.46212404500693

Diboson:
  Precision: 0.6965
  Recall:    0.8721
  F1-score:  0.7744
  Support:   360.9387257184135

TTZ:
  Precision: 0.6282
  Recall:    0.5207
  F1-score:  0.5694
  Support:   313.51592892594635

Overall:
  Accuracy:     0.6300
  Macro avg:    0.6199
  Weighted avg: 0.6231
