Multi-class Classification Report: MHc100_MA95 (Physics-Weighted)
======================================================================

Signal:
  Precision: 0.3664
  Recall:    0.4165
  F1-score:  0.3899
  Support:   674.6765549872653

Nonprompt:
  Precision: 0.3912
  Recall:    0.6097
  F1-score:  0.4766
  Support:   673.101045524003

Diboson:
  Precision: 0.4689
  Recall:    0.0563
  F1-score:  0.1005
  Support:   705.4454485516762

TTZ:
  Precision: 0.4738
  Recall:    0.5911
  F1-score:  0.5260
  Support:   616.2384854429401

Overall:
  Accuracy:     0.4103
  Macro avg:    0.3732
  Weighted avg: 0.3667
