Multi-class Classification Report: MHc100_MA95 (Physics-Weighted)
======================================================================

Signal:
  Precision: 0.6082
  Recall:    0.4986
  F1-score:  0.5480
  Support:   341.0363404882082

Nonprompt:
  Precision: 0.5629
  Recall:    0.6033
  F1-score:  0.5824
  Support:   343.46212404500693

Diboson:
  Precision: 0.6944
  Recall:    0.8224
  F1-score:  0.7530
  Support:   360.9387257184135

TTZ:
  Precision: 0.6046
  Recall:    0.5474
  F1-score:  0.5745
  Support:   313.51592892594635

Overall:
  Accuracy:     0.6223
  Macro avg:    0.6145
  Weighted avg: 0.6173
