Multi-class Classification Report: MHc130_MA90 (Physics-Weighted)
======================================================================

Signal:
  Precision: 0.6029
  Recall:    0.6781
  F1-score:  0.6383
  Support:   652.3591291761259

Nonprompt:
  Precision: 0.6193
  Recall:    0.5803
  F1-score:  0.5991
  Support:   673.101045524003

Diboson:
  Precision: 0.7454
  Recall:    0.8331
  F1-score:  0.7868
  Support:   705.4454485516762

TTZ:
  Precision: 0.6905
  Recall:    0.5539
  F1-score:  0.6147
  Support:   616.2384854429401

Overall:
  Accuracy:     0.6656
  Macro avg:    0.6597
  Weighted avg: 0.6624
