Multi-class Classification Report: MHc130_MA90 (Physics-Weighted)
======================================================================

Signal:
  Precision: 0.7548
  Recall:    0.7206
  F1-score:  0.7373
  Support:   652.360538933659

Nonprompt:
  Precision: 0.6880
  Recall:    0.7185
  F1-score:  0.7029
  Support:   673.101045524003

Diboson:
  Precision: 0.8622
  Recall:    0.9446
  F1-score:  0.9015
  Support:   705.4454485516762

TTZ:
  Precision: 0.7167
  Recall:    0.6380
  F1-score:  0.6751
  Support:   616.2384854429401

Overall:
  Accuracy:     0.7605
  Macro avg:    0.7542
  Weighted avg: 0.7578
