Multi-class Classification Report: MHc130_MA90 (Physics-Weighted)
======================================================================

Signal:
  Precision: 0.7244
  Recall:    0.7338
  F1-score:  0.7291
  Support:   652.360538933659

Nonprompt:
  Precision: 0.6760
  Recall:    0.7389
  F1-score:  0.7061
  Support:   673.101045524003

Diboson:
  Precision: 0.8660
  Recall:    0.9104
  F1-score:  0.8876
  Support:   705.4454485516762

TTZ:
  Precision: 0.7294
  Recall:    0.6024
  F1-score:  0.6599
  Support:   616.2384854429401

Overall:
  Accuracy:     0.7516
  Macro avg:    0.7457
  Weighted avg: 0.7494
