Multi-class Classification Report: MHc160_MA98 (Physics-Weighted)
======================================================================

Signal:
  Precision: 0.5974
  Recall:    0.5835
  F1-score:  0.5903
  Support:   654.5385944053996

Nonprompt:
  Precision: 0.6037
  Recall:    0.5925
  F1-score:  0.5980
  Support:   673.101045524003

Diboson:
  Precision: 0.7131
  Recall:    0.8192
  F1-score:  0.7625
  Support:   705.4454485516762

TTZ:
  Precision: 0.6987
  Recall:    0.6113
  F1-score:  0.6521
  Support:   616.2384854429401

Overall:
  Accuracy:     0.6550
  Macro avg:    0.6507
  Weighted avg: 0.6525
