Multi-class Classification Report: MHc130_MA90 (Physics-Weighted)
======================================================================

Signal:
  Precision: 0.5724
  Recall:    0.5779
  F1-score:  0.5751
  Support:   326.7362225832185

Nonprompt:
  Precision: 0.5906
  Recall:    0.5584
  F1-score:  0.5740
  Support:   343.46212404500693

Diboson:
  Precision: 0.6955
  Recall:    0.8642
  F1-score:  0.7707
  Support:   360.9387257184135

TTZ:
  Precision: 0.6423
  Recall:    0.4948
  F1-score:  0.5590
  Support:   313.51592892594635

Overall:
  Accuracy:     0.6304
  Macro avg:    0.6197
  Weighted avg: 0.6236
