Multi-class Classification Report: MHc130_MA90 (Physics-Weighted)
======================================================================

Signal:
  Precision: 0.5874
  Recall:    0.5400
  F1-score:  0.5627
  Support:   326.73518007044913

Nonprompt:
  Precision: 0.5861
  Recall:    0.5637
  F1-score:  0.5747
  Support:   343.46212404500693

Diboson:
  Precision: 0.6810
  Recall:    0.8787
  F1-score:  0.7673
  Support:   360.9387257184135

TTZ:
  Precision: 0.6347
  Recall:    0.5025
  F1-score:  0.5609
  Support:   313.51592892594635

Overall:
  Accuracy:     0.6282
  Macro avg:    0.6164
  Weighted avg: 0.6203
