Multi-class Classification Report: MHc160_MA85 (Physics-Weighted)
======================================================================

Signal:
  Precision: 0.5462
  Recall:    0.5381
  F1-score:  0.5421
  Support:   656.8203407299297

Nonprompt:
  Precision: 0.6085
  Recall:    0.5643
  F1-score:  0.5856
  Support:   673.101045524003

Diboson:
  Precision: 0.6978
  Recall:    0.8359
  F1-score:  0.7606
  Support:   705.4454485516762

TTZ:
  Precision: 0.6831
  Recall:    0.5933
  F1-score:  0.6350
  Support:   616.2384854429401

Overall:
  Accuracy:     0.6368
  Macro avg:    0.6308
  Weighted avg: 0.6329
