Multi-class Classification Report: MHc160_MA85 (Physics-Weighted)
======================================================================

Signal:
  Precision: 0.7279
  Recall:    0.6363
  F1-score:  0.6790
  Support:   656.8217144509545

Nonprompt:
  Precision: 0.6805
  Recall:    0.7071
  F1-score:  0.6936
  Support:   673.101045524003

Diboson:
  Precision: 0.8113
  Recall:    0.9116
  F1-score:  0.8585
  Support:   705.4454485516762

TTZ:
  Precision: 0.7081
  Recall:    0.6727
  F1-score:  0.6900
  Support:   616.2384854429401

Overall:
  Accuracy:     0.7360
  Macro avg:    0.7303
  Weighted avg: 0.7330
