Multi-class Classification Report: MHc130_MA90 (Physics-Weighted)
======================================================================

Signal:
  Precision: 0.5714
  Recall:    0.5415
  F1-score:  0.5561
  Support:   326.7362225832185

Nonprompt:
  Precision: 0.5865
  Recall:    0.6018
  F1-score:  0.5940
  Support:   343.46212404500693

Diboson:
  Precision: 0.6850
  Recall:    0.8255
  F1-score:  0.7487
  Support:   360.9387257184135

TTZ:
  Precision: 0.6334
  Recall:    0.5003
  F1-score:  0.5590
  Support:   313.51592892594635

Overall:
  Accuracy:     0.6235
  Macro avg:    0.6145
  Weighted avg: 0.6182
