Multi-class Classification Report: MHc160_MA98 (Physics-Weighted)
======================================================================

Signal:
  Precision: 0.5267
  Recall:    0.4930
  F1-score:  0.5093
  Support:   331.15332569676684

Nonprompt:
  Precision: 0.5796
  Recall:    0.5448
  F1-score:  0.5617
  Support:   343.46212404500693

Diboson:
  Precision: 0.6769
  Recall:    0.8179
  F1-score:  0.7408
  Support:   360.9387257184135

TTZ:
  Precision: 0.6501
  Recall:    0.5809
  F1-score:  0.6136
  Support:   313.51592892594635

Overall:
  Accuracy:     0.6136
  Macro avg:    0.6063
  Weighted avg: 0.6088
