Multi-class Classification Report: MHc160_MA85 (Physics-Weighted)
======================================================================

Signal:
  Precision: 0.5037
  Recall:    0.4384
  F1-score:  0.4688
  Support:   330.79758708388545

Nonprompt:
  Precision: 0.5580
  Recall:    0.5678
  F1-score:  0.5629
  Support:   343.46212404500693

Diboson:
  Precision: 0.6309
  Recall:    0.8233
  F1-score:  0.7143
  Support:   360.9387257184135

TTZ:
  Precision: 0.6659
  Recall:    0.5105
  F1-score:  0.5779
  Support:   313.51592892594635

Overall:
  Accuracy:     0.5911
  Macro avg:    0.5810
  Weighted avg: 0.5838
