Multi-class Classification Report: MHc115_MA87 (Physics-Weighted)
======================================================================

Signal:
  Precision: 0.5967
  Recall:    0.6310
  F1-score:  0.6134
  Support:   654.3585654761409

Nonprompt:
  Precision: 0.5856
  Recall:    0.6197
  F1-score:  0.6021
  Support:   673.101045524003

Diboson:
  Precision: 0.7530
  Recall:    0.8248
  F1-score:  0.7873
  Support:   705.4454485516762

TTZ:
  Precision: 0.6716
  Recall:    0.5146
  F1-score:  0.5827
  Support:   616.2384854429401

Overall:
  Accuracy:     0.6527
  Macro avg:    0.6464
  Weighted avg: 0.6497
