Multi-class Classification Report: MHc145_MA92 (Physics-Weighted)
======================================================================

Signal:
  Precision: 0.6187
  Recall:    0.6245
  F1-score:  0.6216
  Support:   656.3244635407464

Nonprompt:
  Precision: 0.6116
  Recall:    0.5945
  F1-score:  0.6029
  Support:   673.101045524003

Diboson:
  Precision: 0.7157
  Recall:    0.8570
  F1-score:  0.7800
  Support:   705.4454485516762

TTZ:
  Precision: 0.7080
  Recall:    0.5624
  F1-score:  0.6268
  Support:   616.2384854429401

Overall:
  Accuracy:     0.6643
  Macro avg:    0.6578
  Weighted avg: 0.6602
