Multi-class Classification Report: MHc160_MA85 (Physics-Weighted)
======================================================================

Signal:
  Precision: 0.6834
  Recall:    0.6429
  F1-score:  0.6625
  Support:   656.8217144509545

Nonprompt:
  Precision: 0.6711
  Recall:    0.6988
  F1-score:  0.6846
  Support:   673.101045524003

Diboson:
  Precision: 0.8068
  Recall:    0.8803
  F1-score:  0.8419
  Support:   705.4454485516762

TTZ:
  Precision: 0.7067
  Recall:    0.6458
  F1-score:  0.6749
  Support:   616.2384854429401

Overall:
  Accuracy:     0.7209
  Macro avg:    0.7160
  Weighted avg: 0.7187
