Multi-class Classification Report: MHc100_MA95 (Physics-Weighted)
======================================================================

Signal:
  Precision: 0.7862
  Recall:    0.6534
  F1-score:  0.7137
  Support:   674.6765549872653

Nonprompt:
  Precision: 0.6757
  Recall:    0.6727
  F1-score:  0.6742
  Support:   673.101045524003

Diboson:
  Precision: 0.8531
  Recall:    0.9530
  F1-score:  0.9003
  Support:   705.4454485516762

TTZ:
  Precision: 0.6534
  Recall:    0.6900
  F1-score:  0.6712
  Support:   616.2384854429401

Overall:
  Accuracy:     0.7459
  Macro avg:    0.7398
  Weighted avg: 0.7432
