Multi-class Classification Report: MHc100_MA95 (Physics-Weighted)
======================================================================

Signal:
  Precision: 0.6219
  Recall:    0.5918
  F1-score:  0.6065
  Support:   674.6755390567705

Nonprompt:
  Precision: 0.6057
  Recall:    0.5827
  F1-score:  0.5940
  Support:   673.101045524003

Diboson:
  Precision: 0.7364
  Recall:    0.8521
  F1-score:  0.7900
  Support:   705.4454485516762

TTZ:
  Precision: 0.6333
  Recall:    0.5793
  F1-score:  0.6051
  Support:   616.2384854429401

Overall:
  Accuracy:     0.6554
  Macro avg:    0.6489
  Weighted avg: 0.6515
