Multi-class Classification Report: MHc115_MA87 (Physics-Weighted)
======================================================================

Signal:
  Precision: 0.5820
  Recall:    0.5731
  F1-score:  0.5775
  Support:   329.59873074060306

Nonprompt:
  Precision: 0.5796
  Recall:    0.5522
  F1-score:  0.5656
  Support:   343.46212404500693

Diboson:
  Precision: 0.6992
  Recall:    0.8630
  F1-score:  0.7726
  Support:   360.9387257184135

TTZ:
  Precision: 0.6271
  Recall:    0.5006
  F1-score:  0.5567
  Support:   313.51592892594635

Overall:
  Accuracy:     0.6286
  Macro avg:    0.6181
  Weighted avg: 0.6219
